CLsurf     = 0.4086
CDsurf     = 0.0135
CL/CD      = 30.2667
MaxStress  = 2.84838e+08
MaxStrain  = 0
MaxDisp    = 2.62744
MaxTwisting= 0.076075
