CLsurf     = 0.36085
CDsurf     = 0.01085
CL/CD      = 33.2581
MaxStress  = 2.28761e+08
MaxStrain  = 0
MaxDisp    = 2.23457
MaxTwisting= 0.129246
