CLsurf     = 0.39329
CDsurf     = 0.01259
CL/CD      = 31.2383
MaxStress  = 2.27077e+08
MaxStrain  = 0
MaxDisp    = 1.76561
MaxTwisting= 0.034756
